5646,17.8391
10258,14.78555
10258,25.1331
10258,18.20905
17971,16.7513
5646,18.20915
10258,22.23285
10258,20.97815
3045,19.8066
17971,12.3488
10258,17.35885
10258,17.79595
10258,15.2373
10258,17.83905
28059,7.147
10258,16.0302
10258,22.4616
28059,9.1385
5646,17.7132
17971,17.54775
5646,15.7038
5646,15.7038
5646,15.7038
5646,15.7038
10258,20.9576
5646,15.7038
5646,15.7038
5646,15.7038
5646,15.7038
5646,15.7038
10258,17.25395
5646,21.13275
5646,15.7038
5646,15.7038
5646,15.7038
5646,15.7038
17971,17.76275
5646,15.7038
10258,24.79095
5646,15.7038
5646,15.7038
10258,17.5871
5646,15.7038
10258,11.1562
17971,25.54555
5646,15.7038
5646,15.7038
10258,20.0311
10258,17.35885
5646,17.3589
10258,22.23525
10258,25.1331
10258,13.0042
5646,15.7038
5646,20.34045
5646,15.7038
21299,8.5648
5646,15.7038
5646,15.7038
5646,12.6236
9696,20.4812
5646,13.00515
5646,16.0312
9696,16.0098
9696,16.0098
9696,16.0098
9696,11.54825
9696,16.0098
9696,16.0098
9696,16.0098
9696,16.0098
9696,12.409
9696,16.0098
9696,16.0098
9696,15.14485
9696,16.0098
9696,16.0098
9696,16.0098
9696,19.21885
9696,16.0098
9696,16.0098
9696,16.0098
9696,16.0098
9696,16.0098
9696,16.0098
9696,11.0082
9696,16.0098
9696,21.5216
9696,16.0098
9696,16.0098
9696,15.5692
9696,16.0098
9696,15.0788
9696,9.4328
9696,16.0098
9696,13.0388
9696,20.44195
9696,16.0098
9696,14.18835
9696,24.06585
9696,12.63185
9696,11.7654
9696,13.236
9696,12.38845
9696,11.3267
9696,12.3568
9696,19.21715
9696,15.10595
18976,17.58225
18976,11.7411
9696,14.87085
9696,12.0206
9696,12.3736
18976,19.8567
18976,8.0565
18976,10.4286
18976,16.54605
18976,14.5396
18976,15.9499
18976,7.7106
18976,16.7908
18976,9.92055
18976,7.95195
18976,11.0041
18976,11.0766
21602,15.2287
21602,11.9526
21602,12.32465
21602,9.90325
30712,9.56005
21602,11.2715
21602,15.3164
30712,9.8299
18976,12.09285
27803,16.5457
21602,9.7446
21602,10.20985
21602,7.84755
21602,12.2793
21602,8.6224
18976,8.7719
21602,11.79105
21602,7.1221
21602,11.3963
21602,10.2137
21602,7.3202
18976,10.06425
21602,15.22065
18976,13.0384
30712,6.99535
30712,10.98695
30712,8.3626
30712,12.416
30712,6.95955
18976,12.3603
30712,8.3656
30712,7.8219
18976,12.71315
18976,19.997
21602,11.36265
21602,19.89115
21602,19.8647
21602,12.19165
21602,13.3319
21602,11.016
27803,8.98605
21602,12.3399
21602,11.1375
21602,10.72925
21602,8.82335
5646,17.3589
5646,15.7038
21602,7.9783
21602,11.9231
21602,18.06775
21602,11.88855
21602,8.6099
21602,12.12505
21602,16.49625
34576,11.07785
21602,11.51835
16543,20.8215
21602,13.00165
16543,17.66705
34576,18.3927
34576,13.87955
16543,17.4868
34576,5.0437
21602,17.5176
34576,17.2144
34576,5.0437
34576,11.7451
34576,5.0437
34576,5.0437
34576,6.57025
34576,7.4484
34576,5.0437
34576,5.0437
34576,5.0437
34576,5.0437
16543,15.3934
16543,19.32235
16543,27.85715
34576,5.0437
5646,12.6272
5646,15.28325
34576,5.0437
21602,12.3795
34576,11.8538
34576,5.0437
16543,27.829
16543,18.67845
34576,5.0437
34576,5.0437
34576,5.0437
34576,11.8776
21602,8.00755
21602,13.9527
34576,5.0437
34576,5.0437
34576,5.0437
34576,5.0437
34576,5.0437
21602,17.54395
34576,5.0437
34576,5.0437
34576,5.0437
21602,13.0004
34576,5.0437
21602,11.1081
34576,5.0437
34576,5.4784
34576,8.1958
34576,5.4784
34576,5.4784
34576,5.4784
34576,5.4784
34576,5.14305
34576,8.20795
34576,5.4784
34576,5.4784
34576,5.4784
34576,5.4784
34576,5.4784
34576,5.4784
34576,5.4784
34576,5.4784
34576,5.4784
34576,5.4784
34576,5.4784
34576,5.4784
34576,5.4784
34576,5.4784
34576,5.4784
34576,5.4784
34576,5.4784
34576,5.5625
34576,12.94165
34576,14.588
34576,17.2913
34576,10.15345
34576,6.74265
34576,5.5767
34576,5.8615
34576,5.8778
34576,6.4087
34576,27.9315
34576,5.64015
34576,5.41945
34576,18.22535
34576,5.41945
34576,13.76535
34576,6.8461
34576,5.41945
34576,6.5197
34576,5.41945
34576,7.4535
34576,7.33395
34576,8.20685
34576,5.41945
34576,5.41945
34576,5.41945
34576,5.41945
34576,5.41945
34576,5.41945
34576,5.41945
34576,5.41945
34576,5.41945
34576,5.41945
34576,5.41945
34576,5.41945
34576,5.41945
34576,5.50755
34576,7.63365
3783,20.6551
34576,5.41945
3783,19.7488
34576,5.41945
9928,24.68665
9928,23.8495
3783,18.64325
34576,7.4361
9928,16.76715
9928,14.8106
9928,19.7931
9928,14.35235
9928,12.6396
9928,12.84535
9928,13.7873
3783,17.83425
9928,17.66395
34576,5.41945
9928,13.7433
9928,22.0598
34576,5.41945
34576,5.41945
9928,15.4785
9928,14.4853
34576,5.41945
34576,5.41945
9928,16.2662
9928,11.2172
34576,6.22395
9928,9.6784
9928,14.61815
9928,12.40945
9928,15.33105
9928,10.77715
9928,11.21635
9928,12.58715
9928,17.41865
9928,18.0235
9928,14.5359
9928,23.4268
9928,11.38155
9928,13.6944
9928,15.5671
9928,19.0995
9928,9.6319
23322,12.9431
23322,11.25875
23322,11.2722
23322,15.53925
34576,5.4784
34576,5.4784
9928,13.53645
23322,9.26195
23322,12.64115
23322,15.1751
23322,8.68965
21387,27.8652
21387,18.7272
23322,10.83435
34576,11.06445
23322,8.35245
21387,14.1289
23322,11.25875
23322,9.5877
23322,8.68965
23322,7.9141
23322,15.00965
23322,10.0901
18328,9.17245
23322,13.92845
18328,8.18575
23322,11.0339
18328,16.38625
23322,13.36305
18328,14.34715
23322,17.5173
23322,12.4106
9928,16.2272
23322,9.9505
18328,8.5745
18328,8.073
34576,20.0036
18328,9.6729
18328,10.3318
18328,10.3377
18328,11.5711
23322,10.6762
17676,24.4428
17676,30.0549
18328,10.2853
17676,7.64265
17676,8.92545
18328,11.8379
18328,10.3767
23322,19.86435
17676,17.67915
17676,12.7846
17676,15.43905
18328,8.4349
18328,8.2426
17676,16.362
18328,16.49975
17676,24.5626
18328,12.8268
17676,13.38835
17676,24.52715
23322,10.67005
17676,6.7582
17676,18.3508
17676,6.9172
17676,6.7582
17676,6.7582
17676,6.7582
17676,6.7582
17676,6.7582
17676,6.7582
17676,10.4349
17676,6.7582
17676,6.7582
17676,8.52875
17676,6.7582
17676,6.7582
17676,11.0737
17676,6.7582
17676,6.7582
17676,6.7582
17676,6.7582
17676,14.1077
17676,6.7582
17676,6.7582
17676,6.7582
17676,6.7582
17676,6.7582
17676,6.7582
17676,6.73285
7114,15.5867
7114,21.2274
17676,6.7582
7114,24.07045
17676,6.7582
7114,21.68505
7114,15.5338
7114,15.54995
7114,10.4659
7114,14.87595
7114,10.40575
20226,16.13555
7114,13.5273
17676,8.8878
20226,10.1193
20226,11.26775
20226,11.497
20226,10.7326
20226,7.92905
20226,12.6489
20226,10.793
7114,28.0556
20226,9.66675
20226,12.52575
20226,17.93705
20226,15.05215
20226,11.06895
20226,15.4935
20226,10.40585
20226,10.88975
20226,13.15445
20226,11.80365
20226,10.91955
20226,12.7664
20226,10.75855
20226,11.1726
20226,12.3324
20226,12.60585
20226,11.0389
20226,15.2871
20226,14.21075
20226,24.704
20226,13.92995
20226,12.72135
20226,12.50715
20226,11.33175
20226,17.2042
23904,6.73495
20226,11.95345
23904,10.0576
23904,12.32605
23904,8.5968
23904,8.10085
20226,14.9672
20226,11.0713
20226,11.8382
20226,11.3788
20226,18.30155
23904,9.9026
23904,11.91315
20226,14.06445
23904,16.45995
23904,14.3122
23904,10.6337
23904,6.6015
20226,15.03125
20226,9.01975
23904,6.6018
23904,6.46325
23904,8.68315
34546,6.98575
23904,12.51
34546,5.92995
23904,12.8819
34546,8.5407
34546,6.51355
34546,7.43815
34546,5.39
34546,5.26075
17676,6.7582
34546,5.5064
34546,7.17455
34546,12.01085
23904,7.94235
34546,12.54575
15948,30.0935
34546,7.9913
34546,8.5085
34546,6.95985
34546,8.4197
15948,19.9453
15948,15.31395
15948,20.8022
15948,12.36345
15948,14.9838
15948,21.2573
15948,11.66225
34546,8.3353
15948,30.0935
15948,11.757
15948,13.56085
15948,21.68385
15948,9.74665
15948,21.24015
15948,24.6224
15948,18.4352
15948,15.29885
15948,10.13725
15948,8.53865
15948,12.78795
15948,12.67285
34546,5.2353
15537,19.5663
15537,14.8032
7114,19.99345
17676,8.48255
31618,17.86125
15537,18.56075
17676,7.62895
31618,10.6663
31618,8.64565
15537,17.9928
31618,8.47465
31618,11.98655
31618,7.13955
31618,8.25255
15948,9.33235
31618,8.32785
31618,6.652
31618,6.9061
15948,19.41315
31618,8.5754
31618,7.23555
31618,6.97015
15948,11.62285
31618,8.53825
15948,17.23995
15948,8.8226
31618,13.64155
31618,8.5767
31618,9.864
31618,8.84805
31618,6.8831
31618,15.46455
31618,7.7968
31618,8.4622
31618,10.3143
31618,8.47495
31618,17.17835
31618,8.42575
31618,7.5928
31618,10.501
31618,13.63505
31618,8.21115
14955,19.3075
17167,19.85875
17167,19.84725
14955,20.5421
17167,13.7938
14955,18.1894
24343,11.95115
16720,25.5432
17167,14.62685
24343,15.15885
17167,13.25365
24343,24.47815
17167,24.51615
17167,15.8973
16720,21.2605
16720,9.8668
16720,19.07475
16720,15.45385
16720,12.82025
31618,8.1211
16720,13.71575
16720,17.88525
16720,9.08095
16720,17.3584
16720,15.0454
24343,16.94775
16720,16.47555
15948,8.782
16720,30.06875
16720,9.86875
16720,19.67085
16720,17.21475
16720,19.8607
16720,12.20545
16720,28.01395
16720,21.2605
16720,20.1424
16720,24.56175
16720,10.5116
16720,9.83285
16720,19.07265
16720,9.8651
16720,14.94005
16720,11.62575
16720,14.21055
16720,12.79985
16720,14.74985
16720,11.18955
16720,18.01915
16720,19.0849
8296,30.37645
16720,7.2831
16720,17.3571
16720,16.47425
16720,13.52535
16720,10.7849
16720,13.19465
16720,10.54595
16720,10.08905
16720,11.89475
8296,17.80885
8296,27.6472
8296,14.343
16720,14.11225
8296,13.3667
8296,19.8214
8296,12.09015
16720,25.5432
8296,30.3741
8296,17.9701
16720,19.9231
16720,12.17455
8296,19.97395
8296,14.2323
8296,17.6216
8296,13.35965
8296,14.3225
8296,18.0399
8296,14.1486
8296,19.8214
8296,13.15385
8296,9.6988
16980,24.4909
8296,18.3535
8296,21.3888
16720,16.36585
16980,12.7051
16720,13.37905
16720,15.0664
8296,17.80885
16980,10.64145
16980,20.84825
16980,12.1102
16980,17.66275
16980,20.8393
16980,15.53405
16980,14.06645
16980,9.0989
8296,13.0256
16980,10.0183
16980,12.13285
16980,17.69195
16980,20.8186
16980,19.54685
16980,9.0989
16980,8.34185
33040,11.07785
33040,18.3927
16980,6.9273
16980,15.62385
33040,24.41465
33040,13.87955
33040,27.93795
16980,20.0818
16980,11.93235
33040,7.62085
16980,11.17475
33040,5.1269
33040,7.44835
33040,12.05575
16980,14.1349
16980,12.17375
33040,10.15345
16720,18.0451
33040,17.88735
33040,24.4866
33040,11.06445
33040,14.588
33040,20.0038
16720,11.298
16720,12.64445
33040,5.87775
33040,5.61895
33040,15.42875
33040,5.5767
33040,18.22535
33040,6.4515
33040,13.76535
33040,12.94165
33040,12.38295
33040,7.69325
33040,6.51965
33040,10.34945
33040,7.11605
33040,8.4863
33040,6.8461
33040,5.5817
33040,8.4763
33040,5.744
33040,10.46385
21686,11.0587
21686,11.16755
33040,6.5177
21686,9.9038
21686,11.5593
33040,5.86145
21686,13.40215
33040,5.93995
21686,8.9126
21686,11.5593
33040,6.0548
33040,7.4535
29666,8.76855
33040,6.2239
29666,9.8043
33040,27.9315
29666,9.5577
21686,7.68385
29666,10.6336
29666,8.98295
21686,8.63475
21686,13.59805
29666,15.9172
29666,9.09145
29666,8.2196
29666,12.7289
29666,8.1395
29666,9.2284
29666,9.1769
29666,7.2819
29666,8.1504
29666,8.6614
29666,8.5233
29666,10.8505
8924,17.54525
8924,15.52215
29666,14.07605
29666,15.2446
21686,15.2415
8924,17.2118
8924,11.43975
8924,15.4433
29666,8.9569
8924,16.08565
8924,13.4644
8924,28.5431
8924,17.76045
8924,17.1527
8924,16.0471
8924,16.19
33040,7.12135
33040,7.33395
8924,12.7238
8924,13.80225
8924,9.64135
8924,15.58425
8924,15.72125
8924,14.23005
16030,30.2098
16030,20.1788
8924,20.079
16030,15.1724
16030,13.84455
16030,8.74785
16030,14.1959
16030,7.6337
16030,24.7069
16030,16.6798
8924,9.70005
16030,19.4745
16030,20.15805
16030,18.88585
16030,7.90505
16030,17.53605
16030,15.4529
16030,15.3148
16030,11.89415
16030,12.0049
2294,18.3686
16030,8.2157
16030,7.529
31618,8.62975
2294,23.91445
16030,16.0162
2294,18.3737
12302,21.0535
12302,8.96655
12302,21.0535
16030,15.20335
12302,27.9581
12302,10.52615
12302,15.2584
12302,21.0535
12302,21.0535
12302,21.0535
12302,21.0535
16030,17.26405
12302,21.0535
12302,21.0535
12302,21.0535
12302,21.0535
12302,21.0535
12302,21.0535
12302,21.0535
12302,21.0535
12302,21.0535
12302,21.0535
12302,21.0535
12302,21.0535
12302,21.0535
12302,21.0535
12302,21.0535
16030,15.8718
12302,20.3041
12302,21.0535
12302,17.0463
12302,18.9928
12302,15.1545
12302,15.13215
12302,12.672
12302,9.46385
12302,9.9091
12302,17.9371
12302,15.93625
12302,13.40695
12302,10.66215
12302,12.4782
29666,11.87725
12302,27.95605
12302,12.31385
12302,11.3743
12302,13.6034
12302,13.02765
12302,24.5373
12302,10.3687
12302,18.9973
12302,15.77955
12302,11.0899
12302,21.0535
12302,21.0535
12302,13.9336
12302,12.1831
12302,15.31105
12302,14.9984
8924,28.5018
12302,19.9734
12302,14.131
29666,7.14385
12302,8.9525
12302,11.4173
12302,9.05285
12302,15.13265
12302,10.5019
12302,15.92055
12302,14.13785
12302,9.4704
12302,13.3924
12302,11.6646
12302,9.26935
12302,10.66215
12302,10.9873
10940,18.5097
17569,19.2758
10940,16.6504
17569,17.3375
10940,18.6981
10940,11.2538
10940,9.5917
10940,14.91225
10940,12.37795
10940,11.7783
10940,8.62125
12302,8.8693
10940,9.66025
24628,14.74845
24628,12.37525
12302,11.63115
24628,11.84115
24628,8.2423
24628,8.5051
24628,10.09285
24628,11.7722
33006,5.5041
24628,20.35745
7779,13.97185
24628,12.9014
24628,8.86425
7779,20.61595
24628,6.82585
33006,5.0848
24628,17.18505
26515,27.7829
33006,6.9766
7779,12.1456
33006,5.4491
33006,6.99555
24628,15.17415
10940,20.37505
10940,12.054
26515,17.5823
26515,17.7248
19946,13.61215
26515,27.79525
10940,9.3421
26515,27.83445
19946,17.2355
19946,14.79835
19946,12.17755
19946,10.18245
19946,17.9647
19946,10.0728
19946,11.20045
19946,15.07665
19946,11.12895
33006,6.94845
19946,8.91595
19946,10.5566
19946,10.6144
19946,15.03015
26515,13.05895
19946,11.8893
19946,9.56245
19946,9.38625
19946,17.201
19946,12.60175
25739,14.135
19946,9.18815
19946,15.4967
19946,6.59305
19946,10.68105
19946,14.23385
19946,12.3623
19946,14.0169
19946,9.2268
19946,11.0966
19946,11.9038
19946,10.1754
19946,13.9923
19946,17.971
19946,11.28025
19946,12.34155
19946,12.8823
19946,12.67885
34594,10.5415
34594,8.54075
34594,9.08795
34594,8.25575
21537,12.30575
21537,19.92045
21537,14.0549
19946,10.1095
34594,12.60615
34594,7.0466
12302,20.08285
34594,7.1403
34594,19.82765
19946,9.1025
34594,12.6496
34594,17.48065
34594,9.9282
34594,11.6981
34594,10.56905
34594,4.98485
34594,6.9442
8239,17.5477
8239,17.7627
11170,25.01705
11170,24.96545
34594,9.3393
11170,27.9727
11170,11.9609
11170,11.9609
11170,11.9609
11170,11.9609
11170,11.9609
11170,11.9609
11170,11.9609
11170,11.9609
34594,8.3716
11170,11.9609
11170,11.9609
11170,11.9609
11170,11.9609
11170,11.9609
11170,11.9609
34594,11.99235
11170,11.9609
11170,11.9609
11170,11.9609
11170,11.9609
11170,23.2025
26515,17.7844
11170,16.24915
11170,16.24915
11170,16.24915
11170,16.24915
11170,11.61125
11170,16.24915
11170,11.9609
34594,8.84455
11170,16.24915
11170,16.24915
11170,16.24915
11170,16.24915
11170,16.24915
11170,16.24915
11170,16.24915
11170,11.9609
11170,11.9609
11170,16.24915
24628,12.0625
11170,16.24915
11170,16.24915
11170,16.24915
11170,11.9609
11170,16.24915
11170,11.9609
11170,16.24915
11170,16.24915
11170,11.9609
11170,16.24915
11170,16.24915
11170,15.8386
11170,20.7067
11170,10.9269
11170,21.2713
11170,25.39115
11170,16.24915
11170,23.2025
11170,16.22085
11170,16.22085
11170,16.24915
11170,16.22085
11170,16.22085
11170,16.35155
11170,16.22085
11170,16.22085
11170,16.22085
11170,16.22085
26515,27.8285
11170,16.22085
11170,16.22085
11170,16.22085
11170,16.22085
11170,16.22085
11170,16.22085
11170,16.22085
11170,16.22085
11170,16.22085
11170,16.22085
11170,14.4619
11170,16.22085
11170,16.22085
11170,16.22085
11170,16.22085
11170,20.7067
11170,10.9274
11170,15.8169
9358,24.45575
9358,12.59325
11170,20.0319
9358,24.61805
9358,17.73485
9358,21.1523
9358,18.31745
9358,19.38565
11170,16.22085
9358,16.53105
9358,22.07595
9358,18.65305
9358,19.77355
9358,22.12995
9358,21.13825
9358,14.41345
9358,15.77205
9358,20.8972
9358,11.27105
9358,15.0303
9358,16.8779
9358,11.8361
9358,12.84715
9358,19.26165
9358,11.68355
7895,28.6953
9358,12.22135
9358,12.4752
7895,14.02285
25856,11.82875
7895,28.73545
7895,28.64625
7895,19.76095
7895,14.0241
9358,15.70295
25856,8.53695
25856,9.4359
25856,10.47885
9358,16.3508
9358,24.7025
25856,9.34945
25856,12.641
25856,8.6629
25856,7.9423
9358,19.3844
25856,7.56805
25856,8.39505
25856,8.23215
35252,6.4868
11170,16.24915
25856,9.8991
25856,11.8746
9358,17.27295
7895,28.645
26770,8.1384
35252,9.6813
26770,10.7443
26770,19.03935
30596,8.03955
26770,14.3741
35252,7.96445
26770,7.0004
26770,8.52165
26770,8.2967
35252,7.66095
35252,8.0812
35252,8.45325
26770,7.9623
26770,8.4223
26770,6.65305
26770,13.38475
26770,9.6601
26770,13.34555
26770,7.7325
26770,7.4648
26770,6.96825
26770,9.49755
26770,7.74065
26770,6.96825
26770,11.2185
26770,6.96825
26770,6.96825
26770,11.9899
11170,16.22085
26770,6.96825
26770,6.96825
26770,6.96825
26770,6.96825
26770,6.96825
26770,6.96825
26770,6.96825
26770,6.96825
26770,6.96825
26770,6.96825
35252,13.51885
26770,6.96825
26770,6.96825
26770,6.96825
26770,6.96825
26770,6.96825
26770,6.9547
26770,9.4765
26770,7.5401
26770,6.96825
26770,10.53215
26770,8.0815
26770,9.961
26770,8.3018
26770,6.96825
26770,9.0743
26770,6.96825
26770,14.9232
26770,11.03635
26770,8.99775
26770,15.5005
26770,14.2619
26770,10.9594
26770,6.96825
26770,6.96825
26770,8.77205
26770,8.44295
26770,20.0184
26770,7.6916
26770,8.4223
26770,6.63215
26770,13.38475
9358,12.21835
26770,7.68125
26770,8.4551
26770,9.36065
26770,9.6601
26770,12.7888
26770,6.5769
26770,13.34555
26770,7.0269
26770,9.19175
26770,10.96515
26770,10.53215
26770,8.8311
26770,9.3984
26770,11.26195
486,28.3066
26770,8.0815
26770,8.33755
26770,7.9811
26770,9.961
26770,11.23555
26770,8.3018
2932,17.44035
486,28.3066
2932,18.5942
2932,21.771
2932,18.5456
2932,23.19675
2932,17.75855
2473,28.24945
2473,21.89595
7701,17.1965
26770,9.4489
28668,25.63725
26770,6.7794
28668,6.60555
26770,20.2764
7248,35.35245
7248,35.35245
28668,15.22145
28668,9.74885
26770,16.0971
7248,35.35245
7248,35.35245
7248,35.35245
7248,35.35245
7248,35.35245
7248,35.35245
7701,17.7942
2473,22.8707
7248,35.35245
7248,35.35245
7248,35.35245
7248,35.35245
7248,35.35245
7248,35.35245
7248,35.35245
7248,35.35245
7248,35.35245
7248,22.01315
7248,35.35245
7248,35.35245
7248,35.35245
7248,30.4246
7248,15.62395
7248,15.992
7248,20.49675
7248,24.491
7248,18.2293
7248,35.35245
7248,16.05735
7248,35.35245
25856,9.23965
7248,35.35245
7248,35.35245
7248,35.35245
7248,35.35245
7248,35.35245
7248,35.35245
7248,35.35245
7248,35.35245
7248,35.35245
7248,35.35245
7248,35.35245
7248,35.35245
26770,8.8311
7248,35.35245
7248,35.35245
7248,35.35245
7248,35.35245
7248,35.35245
7248,35.35245
7248,35.35245
7248,35.35245
7248,35.35245
7248,35.35245
7248,30.4246
7248,19.88475
7248,22.18095
7248,19.18765
7248,18.2216
7248,21.09725
7248,14.6185
7248,16.977
7248,35.35245
6310,19.11855
6310,30.15275
6310,14.9768
15787,12.5928
6310,14.7051
6310,28.24375
7248,35.35245
6310,19.8482
26770,7.5401
6310,12.4374
6310,14.4285
6310,12.4844
6310,14.74425
32834,8.5627
7248,35.35245
6310,15.9741
7248,16.0187
6310,15.2667
6310,28.24135
6310,15.6365
6310,19.11005
6310,18.6767
6310,17.985
6310,17.08005
6310,13.33045
6310,15.9525
32834,10.14945
7248,20.8669
32834,6.51375
32834,9.953
32834,12.7496
32834,9.86825
32834,13.03075
32834,6.97535
32834,7.03445
15787,7.0111
32834,15.0022
32834,19.6182
32834,7.37505
4917,15.57895
32834,7.30285
32834,8.3867
32834,8.3364
32834,6.7477
32834,7.03895
32834,9.42545
32834,8.2436
32834,7.38635
32834,10.07275
32834,6.61955
32834,10.07945
32834,6.4779
32834,6.47565
22748,17.1726
22748,9.41205
22748,9.5508
22748,6.7447
22748,18.34665
22748,15.0033
22748,9.03405
22748,8.93825
7248,35.35245
22748,13.32225
27870,6.74475
27870,6.90955
22748,15.6129
22748,12.5583
27870,15.0033
27870,9.604
27870,9.46445
27870,15.01565
27870,8.9383
14810,17.2283
14810,9.18005
14810,17.8285
14810,10.54325
14810,14.9552
14810,8.7968
14810,15.21745
14810,22.04255
27870,15.61295
14810,24.77235
14810,17.6471
14810,11.48635
14810,15.29465
14810,15.0833
14810,11.52715
14810,16.4796
14810,14.1551
14810,9.1828
22748,15.01565
14810,22.0402
14810,22.22425
14810,12.618
14810,10.5697
27870,13.8816
14810,15.73335
14810,15.73335
14810,22.22425
14810,15.73335
27870,10.46955
14810,15.73335
14810,15.73335
14810,15.73335
14810,15.73335
14810,15.73335
14810,15.73335
14810,15.73335
14810,15.73335
14810,15.73335
14810,15.73335
14810,15.73335
14810,15.73335
14810,15.73335
14810,15.73335
14810,12.6917
14810,15.73335
14810,15.73335
14810,15.73335
14810,8.95095
14810,15.35245
32834,14.99595
14810,9.18335
24158,7.88595
24158,11.4805
24158,15.02185
24158,9.9567
14810,15.73335
24158,15.222
24158,17.21615
24158,8.34355
24158,12.78015
24158,7.87745
8576,35.95005
8576,17.4665
8576,24.69715
8576,18.5916
8576,16.47965
8576,18.63415
8576,14.36875
24158,11.13675
14810,15.73335
8576,15.7799
14810,15.73335
24158,11.88405
8576,20.21475
8576,15.59855
24158,11.11945
24158,11.25755
8576,16.6264
8576,15.75825
8576,15.9047
8576,16.6246
8576,14.821
8576,14.26745
8576,15.3344
4592,17.3428
4592,15.6176
4592,13.136
4592,20.3195
4592,15.47515
4592,16.17975
4592,16.17975
32834,30.0648
4592,17.213
8576,30.42355
4592,18.45395
12064,21.457
4592,13.0925
12064,24.5862
8576,15.5745
8576,14.33395
12064,14.28645
12064,15.6833
12064,13.5787
12064,11.4562
12064,17.4253
12064,12.74615
4592,15.31425
12064,11.1264
12064,21.4404
27870,7.149
12064,10.0428
12064,13.36635
12064,22.5191
12064,19.86675
12064,17.51965
12064,15.6616
12064,13.7629
12064,12.3556
12064,12.41385
12064,9.84905
12064,9.64355
12064,9.48365
12064,19.2635
12064,9.64525
12064,12.90475
12064,12.5596
12064,12.24545
22706,11.4066
22706,12.0073
22706,8.49535
22706,16.50095
22706,9.68835
22706,11.5718
12064,19.28955
12064,13.04255
12064,18.4452
22706,10.2621
22706,8.52455
22706,11.84635
22706,9.38055
22706,12.6499
12064,24.6689
22706,9.38245
22706,8.5231
22706,13.2572
22706,11.90085
22706,10.55315
22706,10.35485
22706,9.762
12064,13.32405
22706,10.22535
22706,11.82225
22706,11.5101
22706,8.552
22706,10.0752
22706,16.46915
22706,15.3484
22706,8.33255
22706,9.99995
22706,9.0558
22706,8.8953
22706,8.88555
22706,8.85895
22706,8.7885
22706,11.8863
22706,13.36195
22706,7.9064
22706,10.50945
22706,8.3539
14810,15.73335
22706,7.50635
18500,17.27715
18500,8.42945
22706,9.78375
18500,18.85745
18500,15.01425
18500,15.47825
18500,8.60185
22706,10.91065
18500,11.25095
22706,9.7145
18500,10.0468
18500,15.30625
18500,11.65675
18500,10.58515
18500,16.96485
22706,8.00445
18500,15.37095
18500,14.66255
18500,15.74785
18500,6.5458
18500,9.42505
10431,20.37285
32476,13.3383
32476,6.29835
18500,14.0964
18500,13.55665
32476,9.23285
32476,4.81125
12064,12.26215
32476,7.4956
18500,13.51745
32476,6.57245
18500,10.9859
32476,12.0557
27159,24.4552
27159,14.7761
18500,9.8803
27159,10.91115
5752,28.7974
27159,14.34345
5752,12.2526
5752,17.02015
5752,12.55505
5752,28.7974
18500,15.85905
27159,24.4492
5752,17.0421
5752,19.9221
5752,12.48995
5752,17.09255
32476,15.1586
19178,17.313
19178,14.21835
19178,13.5895
19178,15.70485
19178,11.8955
19178,10.55005
19178,13.4729
19178,10.59305
18500,17.5718
19178,19.08905
32476,4.91345
19178,24.5007
19178,14.9478
5752,30.3812
19178,14.546
19178,10.29755
19178,17.94175
19178,12.47255
19178,17.9072
19178,11.8879
17571,27.96065
18500,12.2431
19178,14.9084
19178,12.6237
19178,9.38935
19178,15.2106
19178,16.14515
19178,13.4652
17571,16.57375
19178,9.78555
17571,27.9992
19178,13.4026
15862,15.314
32044,11.85055
19178,21.9627
32044,6.75185
17571,11.5797
32044,4.97465
19178,9.88765
17571,15.67295
22706,9.90495
19178,11.83335
22706,9.9323
32044,24.41985
32044,14.98985
15862,20.14895
15862,17.9369
15862,11.45865
15862,17.96475
15862,7.11575
15862,10.59245
15862,13.1666
15862,12.9608
15862,21.98995
15862,12.52265
15862,20.14895
15862,12.6958
12276,14.43035
15862,15.1291
12276,11.59925
12276,9.97835
12276,13.26755
12276,20.31945
12276,14.40245
12276,17.96475
12276,13.1666
12276,11.45865
14088,13.3292
12276,16.59615
14088,24.70585
12276,21.98995
14088,19.00105
12276,12.6958
12276,15.12915
14088,16.46595
14088,13.1922
14088,11.53335
12276,16.5467
14088,16.3873
14088,24.5651
14088,16.46595
15862,12.79505
14088,17.001
14088,24.70585
14088,10.57235
14088,13.54525
14088,17.4273
14088,11.0746
12276,20.1354
14088,8.4835
14088,13.0694
12276,11.59925
29084,8.18585
27671,24.4552
29084,6.7537
29084,14.29465
27671,10.91115
27671,14.34345
27671,14.7761
29084,6.5991
12276,12.79505
22444,7.0555
29084,7.47705
22444,14.29695
22444,7.3856
22444,11.9875
14088,17.99535
27671,24.4492
19178,11.98685
22444,6.5643
11753,13.21585
35772,9.4346
22444,12.56785
14088,7.7758
35772,6.6048
22444,7.6673
7646,16.0098
22444,7.00875
35772,4.9934
7646,17.25425
7646,16.0098
29084,9.9785
7646,16.0098
7646,16.0098
7646,16.0098
22444,8.48535
35772,5.43135
7646,16.0098
29084,10.01065
35772,6.2648
7646,16.0098
7646,16.0098
7646,16.0098
7646,16.0098
7646,16.0098
7646,16.0098
7646,16.0098
7646,16.0098
7646,16.0098
7646,16.0098
7646,16.0098
7646,16.0098
7646,16.0098
7646,16.0098
7646,24.54905
7646,16.0098
7646,16.0098
7646,15.0788
17571,8.74595
7646,17.9563
7646,17.3288
7646,12.63185
7646,24.06585
7646,16.7598
7646,16.0098
7646,19.946
7646,14.8708
7646,11.5482
7646,12.0207
7646,13.236
7646,16.0098
7646,17.9287
28762,10.82965
28762,8.52435
28762,6.8698
7646,15.56925
28762,14.9928
28762,12.0391
28762,9.60215
7646,11.00825
28762,8.5395
28762,8.82005
28762,8.13985
28762,8.93095
28762,7.9211
28762,6.9264
28762,8.341
32218,8.64305
28762,11.92055
28762,7.8857
32218,5.3488
32218,9.22545
32218,9.9271
32218,10.0053
32218,21.9268
32218,9.1044
28762,12.0137
32218,13.89995
28762,7.8224
28762,14.9995
32218,12.85825
32218,7.1992
32218,14.9883
32218,17.9032
7646,11.76545
32218,9.51185
32218,10.0287
32218,11.78125
32218,7.76535
32218,15.02865
32218,7.6562
32218,10.62535
28762,8.45675
11069,17.54665
32218,8.57855
11069,17.40915
32218,9.1924
11069,18.64695
11069,15.53215
11069,19.64635
10069,22.89395
2079,17.97385
10069,23.62835
8720,19.945
10069,17.19685
10069,9.12625
29084,8.00865
8720,20.34045
10069,24.51295
28762,6.7863
8720,13.76115
8720,14.3515
10069,15.876
8720,25.1331
8720,18.20905
8720,17.5871
8720,17.83905
8720,20.97815
8720,17.35885
8720,15.9647
8720,9.7873
8720,12.9096
8720,17.7131
8720,25.1331
10069,18.0424
8720,21.13265
8720,22.46165
29084,6.1291
8720,18.64145
8720,30.1138
8720,15.7038
8720,15.7038
8720,15.74265
8720,15.7038
8720,15.7038
8720,15.7038
8720,15.7038
8720,15.7038
8720,15.7038
8720,15.7038
8720,15.7038
8720,15.7038
8720,15.7038
8720,15.7038
8720,15.7038
8720,15.7038
8720,15.7038
8720,15.7038
8720,15.7038
8720,15.7038
8720,15.7038
8720,13.11585
8720,22.2353
8720,15.2831
8720,22.2329
8720,15.7038
8720,20.9576
8720,17.35885
8720,15.7038
28762,8.91955
19834,17.1881
8720,16.60975
8720,15.924
8720,8.95245
19834,17.5563
19834,11.63885
8720,15.7038
8720,15.7038
8720,10.12645
19834,11.5775
19834,9.77965
19834,11.91405
19834,15.1772
19834,11.0154
19834,21.9519
8720,12.5685
19834,14.15235
19834,8.04305
19834,11.95455
19834,15.5601
19834,11.4868
19834,12.8128
19834,14.46435
19834,21.94995
19834,9.74385
19834,13.58145
19834,13.39535
19834,10.9815
19834,14.13205
19834,9.87035
19834,12.18685
19834,10.49955
19834,15.87015
19834,13.3519
31003,11.7695
19834,14.52675
19095,16.54565
19834,7.82045
19095,24.4738
19095,14.8748
19095,16.7177
14398,18.27715
14398,17.21965
19095,15.9392
19095,24.48605
14398,12.2842
19834,15.8948
19095,15.26955
14398,19.98715
14398,13.59745
14398,15.20975
14398,21.67635
14398,13.43365
14398,21.6612
14398,13.01005
19834,21.9622
12472,18.72555
12472,16.8661
11069,11.84075
12472,14.96385
12472,14.56085
12472,20.53425
12472,8.0271
19095,8.98605
12472,18.8575
12472,14.99675
12472,15.12795
12472,13.62645
14398,22.1909
12472,11.92095
12472,16.6975
12472,10.7739
14398,17.7511
12472,8.31055
14398,20.09425
12472,27.47225
12472,20.533
12472,11.3041
12472,22.13845
14398,10.17025
12472,9.5532
12472,11.9355
12472,14.69695
12472,16.6975
14398,9.8868
12472,28.2484
33900,4.5685
33900,6.6153
33900,9.7358
33900,16.993
33900,4.70695
33900,6.72535
33900,15.1738
4079,19.972
12472,27.47225
33900,15.419
33900,7.99905
33900,7.5643
12472,14.7113
4079,19.0178
33900,4.80185
4069,19.5401
4079,18.9996
4079,14.36935
33900,8.52675
4069,16.17275
4069,17.0257
5838,22.1608
5838,19.26965
5838,23.1292
5838,19.0095
19834,14.6557
5838,18.02375
5838,16.1168
5838,24.4787
33900,16.4458
5838,15.5302
5838,14.43065
5838,19.26965
4069,16.1933
5838,22.1608
5838,23.1292
5838,16.75695
5838,15.1216
5838,15.17605
5838,20.2337
5838,15.81615
29770,17.1847
29770,8.6536
29770,8.6009
29770,9.7038
29770,8.0086
29770,8.63115
29770,17.5356
29770,11.67115
29770,15.17365
5838,19.7909
29770,8.1116
29770,11.25
29770,21.93155
29770,13.90855
29770,15.455
29770,9.87725
29770,5.1563
29770,12.1672
29770,8.9223
5838,14.43065
11323,19.5677
29770,15.4515
29770,9.47575
29770,15.74765
29770,9.2129
29770,9.4249
29770,7.0163
29770,10.13625
29770,7.26455
29770,9.87725
29770,7.3838
29770,8.38905
11323,19.5422
14398,13.4768
29770,9.2525
29770,9.10005
27667,9.90225
29770,11.0234
29770,8.764
29770,7.68445
21152,15.49145
29770,11.4834
29770,7.92435
27667,14.12085
21152,16.6798
21152,6.76735
29770,8.07695
29770,8.34515
27667,10.875
29770,6.7062
21152,19.82075
21152,15.46935
21152,17.4739
21152,12.55935
21152,7.90515
21152,15.36025
21152,15.22225
19834,13.869
21152,6.87795
21152,12.02075
21152,8.2157
21152,10.77505
21152,12.21325
21152,9.4356
21152,15.87185
21152,13.5212
21152,10.5136
5908,20.0977
5908,20.43985
5908,17.98765
21152,9.4522
5908,11.91165
21152,10.6259
5908,22.38385
5908,24.4893
5908,11.6317
5908,17.6944
5908,12.91145
5908,17.6625
5908,14.2709
5908,17.019
5908,14.11145
5908,14.43545
29770,8.63185
5908,16.9903
11360,18.0806
11360,11.95255
11360,20.98595
11360,12.3246
11360,16.066
11360,14.59535
5908,18.23515
11360,17.23365
11360,16.898
11360,16.03165
11360,19.6354
11360,12.3745
11360,9.42895
5838,16.22445
5908,14.11145
11360,16.9948
11360,11.791
11360,16.74
11360,20.85995
11360,15.0143
11360,19.8912
11360,17.7413
11360,19.63555
11360,12.2161
11360,11.13745
11360,12.19165
11360,17.90335
11360,17.544
11360,15.54555
11360,10.72925
11360,15.67395
11360,17.3044
19960,21.95535
19960,17.5591
11360,16.5424
11360,13.0004
11360,17.32945
11360,12.27925
19960,9.66235
19960,12.37205
19960,7.2809
19960,10.5924
19960,12.9608
19960,21.95535
25418,17.90535
25418,9.23435
25418,11.8997
19960,14.9773
19960,17.9369
19960,12.52265
19960,10.4581
25418,15.288
25418,10.9254
11360,15.91125
25418,30.101
25418,20.30735
19960,13.7447
25418,8.6079
11323,18.71195
25418,8.9704
25418,11.0473
11360,13.9527
25418,11.9869
25418,8.2883
25418,10.9967
25418,11.1557
25418,15.2304
25418,11.10355
32106,8.095
25418,7.19835
25418,24.67425
25418,9.55345
32106,8.73595
32106,11.81855
32106,11.1285
19960,21.587
32106,16.4528
32106,4.9667
32106,12.2291
32106,8.464
32106,7.87205
25418,12.91995
32106,11.1819
32106,9.26475
32106,6.7403
11818,14.89825
25418,16.11525
11818,17.3488
11818,16.63755
11818,21.09815
11818,12.0526
11818,15.33425
11818,17.5595
11818,11.4701
11818,20.39255
11818,16.72145
11818,17.6784
11818,22.7748
11818,11.64295
25418,7.9949
11818,15.15125
11818,22.07425
11818,14.30555
11818,16.89695
11818,19.1359
11818,15.6974
11818,16.2801
11818,18.7842
11818,21.4535
11818,18.63175
11818,12.0805
11818,16.6171
11818,15.2326
11360,16.12435
25418,16.5623
11818,16.88935
11818,16.25845
18575,17.97945
11818,17.61995
32106,9.86475
7986,24.52185
7986,12.938
18575,19.85895
18575,18.06125
18575,27.89305
18575,15.29585
18575,19.31285
7986,25.51675
7986,10.46195
7986,10.4838
7986,11.41715
7986,11.80815
7986,25.6011
800,30.75555
11818,22.7748
24074,11.8246
7986,15.3768
24074,9.8871
11818,18.7842
11818,21.43615
24074,15.25615
24074,24.63265
24074,24.64505
24074,10.5253
24074,14.17675
11360,17.87995
24074,11.86825
24074,16.25455
24074,12.2341
24074,9.4319
24074,9.2428
24074,24.64165
24074,12.64115
24074,15.9567
24074,11.6939
24074,11.6939
24074,11.6939
24074,11.6939
24074,11.6939
24074,9.1121
7986,11.8859
24074,11.6939
24074,9.111
24074,11.099
24074,11.6939
24074,11.6939
24074,11.6939
24074,11.6939
24074,11.6939
24074,11.6939
24074,11.6939
24074,11.6939
24074,11.6939
24074,11.6939
24074,11.6939
24074,11.6939
24074,9.8578
24074,11.6939
24074,11.71165
24074,16.24
24074,24.644
24074,15.25585
24074,11.33885
24074,11.05485
24074,10.0718
7547,18.7407
7547,17.5143
24074,7.9735
25418,9.45495
24074,11.6939
4665,21.8656
31301,19.8572
4665,20.1684
31301,12.71015
28126,15.03775
4665,18.64115
28126,7.6414
28126,8.64805
28126,9.8576
28126,8.80655
24074,11.6939
28126,11.52715
24074,11.6939
28126,8.95095
28126,10.7178
28126,7.3077
28126,8.2016
28126,7.1642
4282,20.27075
24074,11.6939
28126,7.9474
28126,5.95165
4282,15.66355
4282,20.2285
7547,19.1912
4282,20.2093
28126,7.04625
18799,15.7587
12910,11.026
12910,24.42295
12910,16.4493
12910,10.47915
18799,9.2663
12910,8.67865
12910,13.7649
28126,8.06515
12910,17.1366
12910,12.9994
12910,15.73055
12910,12.95675
12910,13.9745
12910,8.67915
12910,8.9909
11818,15.22165
28126,7.08955
4282,19.12285
12910,10.11275
12910,11.6044
12910,18.0877
12910,12.34715
12910,17.22135
12910,16.4638
12910,10.575
1702,27.84745
1702,18.11075
12910,15.18315
14876,16.0181
28126,8.43355
14876,16.0181
14876,16.0181
14876,16.0181
14876,16.0181
14876,16.0181
12910,8.4355
14876,16.0181
12910,10.57725
14876,16.0181
14876,16.0181
14876,16.0181
14876,16.0181
14876,16.0181
14876,16.0181
14876,16.0181
14876,16.0181
14876,16.0181
14876,16.0181
14876,16.0181
14876,19.0404
14876,16.0181
14876,15.52165
14876,16.0181
14876,12.1762
14876,12.1762
14876,12.1762
14876,12.1762
14876,12.1762
14876,12.1762
14876,12.1762
14876,12.1762
14876,12.1762
14876,12.1762
14876,16.0181
14876,16.0181
24074,11.6939
14876,12.1762
14876,12.1762
14876,12.1762
14876,12.1762
14876,24.924
14876,12.1762
14876,12.1762
14876,12.1762
14876,12.1762
14876,8.0566
14876,9.02525
14876,10.06435
14876,12.1762
14876,12.1762
14876,12.1762
14876,9.36885
14876,11.8303
14876,16.0181
28126,8.7968
14876,11.1174
8406,17.7046
8406,13.45635
8406,14.2127
8406,13.71995
8406,17.65265
14876,12.2009
8406,16.04025
14876,11.19915
8406,17.97165
2874,21.10535
8406,14.2127
2874,24.5653
2874,24.8726
2874,23.4104
2874,16.06185
25392,7.9814
33695,10.69365
25392,12.00995
14876,12.1762
25392,8.22045
25392,8.54405
25392,12.78155
25392,12.693
14876,12.1762
25392,6.38445
25392,8.27235
25392,8.76735
25392,5.80005
25392,6.5364
8406,28.0779
25392,12.23905
25392,8.1275
25392,7.68095
8406,18.6914
8406,12.08975
25392,6.5671
25392,6.54855
25392,5.7331
25392,6.4252
25392,5.98225
23734,8.16095
23734,7.8612
23734,8.5355
23734,11.5593
23734,7.69695
23734,15.2415
23734,11.5593
1630,22.6602
6350,22.1608
1630,20.4615
1988,22.76905
1988,24.7602
1630,18.4249
25392,8.9057
1630,21.2569
6350,19.26965
6350,30.1712
6350,24.47795
6350,19.00955
6350,23.1292
6350,15.46835
6350,18.023
14876,16.0181
6350,14.43055
6350,19.26965
6350,19.7909
6350,22.1608
6350,30.1712
25392,12.37215
6350,23.1292
6350,15.176
6350,15.12155
6350,14.43055
6350,15.81615
32488,12.63645
32488,8.5182
32488,12.59225
32488,16.49165
32488,7.03855
28158,9.48155
28158,9.94145
23734,13.59805
28158,8.8884
1630,21.1026
28158,12.56495
28158,7.6862
32488,9.0992
25392,12.4487
28158,8.36505
28158,6.4167
32488,27.6235
28158,5.59055
32488,4.7783
23958,9.32835
35478,9.15285
9815,20.39605
9815,20.6196
35478,7.4777
35478,9.702
9815,20.6572
9815,20.6452
3779,28.14765
25392,8.04295
9815,19.3483
35478,12.04635
23958,7.5816
35478,6.44875
3779,19.64125
3779,18.68965
14876,12.1762
19811,14.1134
28158,8.8578
23958,11.7952
8317,18.44735
8317,19.66225
23958,8.91095
8317,16.9741
6740,19.7092
6740,20.1466
6740,20.56615
28158,6.35975
6740,12.07675
6740,17.79375
6740,17.76155
6740,17.4086
35478,11.9211
6740,12.27205
14361,9.5908
21964,14.5706
21964,11.851
21964,12.68775
32685,11.68035
21964,7.88505
21964,7.18945
21964,6.76675
21964,10.8318
28158,8.33055
21964,11.2993
21964,10.59605
21964,14.65445
21964,7.444
25687,10.97285
21964,8.01405
21964,10.3973
22874,12.28485
25687,14.97185
1630,22.62215
25687,14.67945
25392,5.8547
22874,17.2208
22874,9.9135
21964,12.48405
22874,12.56085
21964,8.19595
22874,8.92685
21964,10.1818
21964,6.6615
21964,8.68515
22874,17.2146
22874,13.721
22874,17.539
25687,15.2681
22874,8.39485
22874,7.32215
22874,11.51855
22874,21.9345
22874,10.65015
22874,12.07725
22874,13.95285
22874,8.9956
22874,8.9413
22874,13.03035
22874,12.02145
21964,11.5913
22874,9.81865
22874,8.2757
22874,13.74545
22874,9.62665
22874,8.4993
22874,8.5573
22874,10.2831
22874,10.48725
22874,15.024
21964,7.9942
21964,8.12775
22874,9.15845
22874,11.9507
22874,9.43095
22874,10.6777
22874,12.4692
22874,10.27725
21964,9.8856
19272,17.5812
22874,8.9143
19272,10.68335
19272,12.49465
21964,8.76615
22874,11.71515
19272,21.66705
19272,7.35445
19272,12.7694
19272,9.23435
19272,7.2605
